Land-Ocean: Global Means

First few rows:
   Year   Jan   Feb   Mar   Apr   May   Jun   Jul   Aug   Sep   Oct   Nov   Dec   J-D   D-N   DJF   MAM   JJA   SON
0  1880 -0.18 -0.24 -0.08 -0.15 -0.09 -0.20 -0.17 -0.09 -0.13 -0.22 -0.20 -0.17 -0.16   NaN   NaN -0.11 -0.16 -0.19
1  1881 -0.19 -0.14  0.04  0.06  0.07 -0.19  0.00 -0.03 -0.15 -0.22 -0.18 -0.06 -0.08 -0.09 -0.17  0.05 -0.07 -0.18
2  1882  0.16  0.14  0.05 -0.16 -0.14 -0.23 -0.16 -0.07 -0.14 -0.23 -0.16 -0.35 -0.11 -0.08  0.08 -0.09 -0.15 -0.18
3  1883 -0.29 -0.37 -0.12 -0.18 -0.17 -0.08 -0.06 -0.14 -0.21 -0.11 -0.23 -0.11 -0.17 -0.19 -0.34 -0.16 -0.09 -0.18
4  1884 -0.13 -0.08 -0.36 -0.40 -0.34 -0.35 -0.31 -0.28 -0.27 -0.25 -0.33 -0.31 -0.28 -0.27 -0.11 -0.37 -0.32 -0.28

Data structure:
None

Missing values:
Year    0
Jan     0
Feb     0
Mar     0
Apr     0
May     0
Jun     0
Jul     0
Aug     0
Sep     0
Oct     0
Nov     0
Dec     0
J-D     0
D-N     1
DJF     1
MAM     0
JJA     0
SON     0

Summary statistics:
      count         mean        std      min        25%       50%        75%      max
Year  145.0  1952.000000  42.001984  1880.00  1916.0000  1952.000  1988.0000  2024.00
Jan   145.0     0.070414   0.433439    -0.81    -0.2400    -0.010     0.3200     1.23
Feb   145.0     0.078690   0.441439    -0.63    -0.2300    -0.040     0.3900     1.44
Mar   145.0     0.096345   0.446161    -0.63    -0.2300     0.010     0.3200     1.41
Apr   145.0     0.070069   0.409579    -0.59    -0.2500    -0.030     0.2900     1.33
May   145.0     0.058966   0.387228    -0.55    -0.2400    -0.040     0.2800     1.14
Jun   145.0     0.045241   0.386286    -0.53    -0.2500    -0.050     0.2700     1.08
Jul   145.0     0.070828   0.370618    -0.51    -0.1900    -0.030     0.2600     1.19
Aug   145.0     0.068207   0.385947    -0.55    -0.2200    -0.040     0.2600     1.20
Sep   145.0     0.076690   0.393891    -0.58    -0.1900    -0.060     0.2500     1.48
Oct   145.0     0.100690   0.395040    -0.59    -0.2000     0.010     0.2600     1.34
Nov   145.0     0.094207   0.405854    -0.58    -0.1800     0.020     0.2800     1.43
Dec   145.0     0.069172   0.420216    -0.82    -0.2100    -0.040     0.3200     1.36
J-D   145.0     0.074621   0.390176    -0.49    -0.2000    -0.030     0.3100     1.18
D-N   144.0     0.074653   0.389026    -0.49    -0.2200    -0.045     0.2925     1.13
DJF   144.0     0.070833   0.418115    -0.67    -0.2325    -0.025     0.3325     1.34
MAM   145.0     0.075103   0.410139    -0.58    -0.2600    -0.020     0.3100     1.29
JJA   145.0     0.061310   0.377281    -0.50    -0.2200    -0.040     0.2700     1.16
SON   145.0     0.090828   0.392852    -0.52    -0.1800    -0.010     0.2800     1.42
